Clock frequency is approx. 2557.0 MHz
Memory mountain (MB/sec)
	s1	s2	s3	s4	s5	s6	s7	s8	s9	s10	s11	s12	s13	s14	s15	
128m	16841	9861	6404	4575	3471	2818	2408	2063	1921	1796	1698	1612	1560	1488	1495	
64m	16786	9838	6403	4578	3464	2817	2406	2063	1918	1814	1721	1628	1581	1541	1495	
32m	16385	9627	6291	4470	3466	2792	2410	2081	1904	1788	1710	1612	1598	1519	1487	
16m	16807	9816	6384	4564	3473	2829	2412	2065	1915	1790	1689	1607	1556	1515	1570	
8m	17376	10454	6977	4906	3678	3021	2621	2316	2136	2033	1953	1911	1840	1889	2019	
4m	17372	10767	7447	5267	4015	3299	2750	2405	2346	2101	2044	1985	2031	2132	2540	
2m	21644	15399	11781	8710	7183	6380	5656	5018	4883	4740	4665	4497	4398	4352	4331	
1024k	21998	15651	11964	8864	7272	6452	5716	5083	4949	4794	4692	4587	4523	4486	4455	
512k	21992	15688	11937	8830	7240	6438	5719	5086	4946	4821	4685	4632	4619	4650	4707	
256k	24715	19072	16148	13003	10618	9262	8142	7197	7285	7373	7572	7820	7851	8017	8637	
128k	25805	23971	23876	21741	17961	15262	13071	11699	11483	11553	11475	11521	11592	11604	11470	
64k	27893	23543	23510	19669	16005	13860	12012	10704	10465	10686	10306	10555	10566	11239	21948	
32k	29566	28656	28239	27526	25427	28267	27966	27418	26901	27923	29515	26746	25270	27830	26720	
16k	29628	28893	28440	27204	27110	25570	27447	25057	23269	26178	22397	23115	22220	20633	26342	



L1:		32KB
L2:		256KB
L3:		3MB
